244654,55366
244654,59352
244654,8549
340419,55366
340419,59352
340419,8549
343637,55366
343637,59352
343637,8549
84870,55366
84870,59352
84870,8549
244654,54894
340419,54894
343637,54894
84870,54894
244654,84133
340419,84133
343637,84133
84870,84133
54894,11211
54894,2535
54894,7855
54894,7976
54894,8321
54894,8322
54894,8323
54894,8324
54894,8325
54894,8326
51384,147111
54361,147111
7471,147111
7472,147111
7473,147111
7474,147111
7475,147111
7476,147111
7477,147111
7478,147111
7479,147111
7480,147111
7481,147111
7482,147111
7483,147111
7484,147111
80326,147111
81029,147111
89780,147111
51384,9350
54361,9350
7471,9350
7472,9350
7473,9350
7474,9350
7475,9350
7476,9350
7477,9350
7478,9350
7479,9350
7480,9350
7481,9350
7482,9350
7483,9350
7484,9350
80326,9350
81029,9350
89780,9350
51384,64840
54361,64840
7471,64840
7472,64840
7473,64840
7474,64840
7475,64840
7476,64840
7477,64840
7478,64840
7479,64840
7480,64840
7481,64840
7482,64840
7483,64840
7484,64840
80326,64840
81029,64840
89780,64840
51384,11197
54361,11197
7471,11197
7472,11197
7473,11197
7474,11197
7475,11197
7476,11197
7477,11197
7478,11197
7479,11197
7480,11197
7481,11197
7482,11197
7483,11197
7484,11197
80326,11197
81029,11197
89780,11197
51384,5176
54361,5176
7471,5176
7472,5176
7473,5176
7474,5176
7475,5176
7476,5176
7477,5176
7478,5176
7479,5176
7480,5176
7481,5176
7482,5176
7483,5176
7484,5176
80326,5176
81029,5176
89780,5176
51384,6422
51384,6423
51384,6424
51384,6425
54361,6422
54361,6423
54361,6424
54361,6425
7471,6422
7471,6423
7471,6424
7471,6425
7472,6422
7472,6423
7472,6424
7472,6425
7473,6422
7473,6423
7473,6424
7473,6425
7474,6422
7474,6423
7474,6424
7474,6425
7475,6422
7475,6423
7475,6424
7475,6425
7476,6422
7476,6423
7476,6424
7476,6425
7477,6422
7477,6423
7477,6424
7477,6425
7478,6422
7478,6423
7478,6424
7478,6425
7479,6422
7479,6423
7479,6424
7479,6425
7480,6422
7480,6423
7480,6424
7480,6425
7481,6422
7481,6423
7481,6424
7481,6425
7482,6422
7482,6423
7482,6424
7482,6425
7483,6422
7483,6423
7483,6424
7483,6425
7484,6422
7484,6423
7484,6424
7484,6425
80326,6422
80326,6423
80326,6424
80326,6425
81029,6422
81029,6423
81029,6424
81029,6425
89780,6422
89780,6423
89780,6424
89780,6425
51384,11211
51384,2535
51384,7855
51384,7976
51384,8321
51384,8322
51384,8323
51384,8324
51384,8325
51384,8326
54361,11211
54361,2535
54361,7855
54361,7976
54361,8321
54361,8322
54361,8323
54361,8324
54361,8325
54361,8326
7471,11211
7471,2535
7471,7855
7471,7976
7471,8321
7471,8322
7471,8323
7471,8324
7471,8325
7471,8326
7472,11211
7472,2535
7472,7855
7472,7976
7472,8321
7472,8322
7472,8323
7472,8324
7472,8325
7472,8326
7473,11211
7473,2535
7473,7855
7473,7976
7473,8321
7473,8322
7473,8323
7473,8324
7473,8325
7473,8326
7474,11211
7474,2535
7474,7855
7474,7976
7474,8321
7474,8322
7474,8323
7474,8324
7474,8325
7474,8326
7475,11211
7475,2535
7475,7855
7475,7976
7475,8321
7475,8322
7475,8323
7475,8324
7475,8325
7475,8326
7476,11211
7476,2535
7476,7855
7476,7976
7476,8321
7476,8322
7476,8323
7476,8324
7476,8325
7476,8326
7477,11211
7477,2535
7477,7855
7477,7976
7477,8321
7477,8322
7477,8323
7477,8324
7477,8325
7477,8326
7478,11211
7478,2535
7478,7855
7478,7976
7478,8321
7478,8322
7478,8323
7478,8324
7478,8325
7478,8326
7479,11211
7479,2535
7479,7855
7479,7976
7479,8321
7479,8322
7479,8323
7479,8324
7479,8325
7479,8326
7480,11211
7480,2535
7480,7855
7480,7976
7480,8321
7480,8322
7480,8323
7480,8324
7480,8325
7480,8326
7481,11211
7481,2535
7481,7855
7481,7976
7481,8321
7481,8322
7481,8323
7481,8324
7481,8325
7481,8326
7482,11211
7482,2535
7482,7855
7482,7976
7482,8321
7482,8322
7482,8323
7482,8324
7482,8325
7482,8326
7483,11211
7483,2535
7483,7855
7483,7976
7483,8321
7483,8322
7483,8323
7483,8324
7483,8325
7483,8326
7484,11211
7484,2535
7484,7855
7484,7976
7484,8321
7484,8322
7484,8323
7484,8324
7484,8325
7484,8326
80326,11211
80326,2535
80326,7855
80326,7976
80326,8321
80326,8322
80326,8323
80326,8324
80326,8325
80326,8326
81029,11211
81029,2535
81029,7855
81029,7976
81029,8321
81029,8322
81029,8323
81029,8324
81029,8325
81029,8326
89780,11211
89780,2535
89780,7855
89780,7976
89780,8321
89780,8322
89780,8323
89780,8324
89780,8325
89780,8326
6422,11211
6422,2535
6422,7855
6422,7976
6422,8321
6422,8322
6422,8323
6422,8324
6422,8325
6422,8326
6423,11211
6423,2535
6423,7855
6423,7976
6423,8321
6423,8322
6423,8323
6423,8324
6423,8325
6423,8326
6424,11211
6424,2535
6424,7855
6424,7976
6424,8321
6424,8322
6424,8323
6424,8324
6424,8325
6424,8326
6425,11211
6425,2535
6425,7855
6425,7976
6425,8321
6425,8322
6425,8323
6425,8324
6425,8325
6425,8326
5176,11211
5176,2535
5176,7855
5176,7976
5176,8321
5176,8322
5176,8323
5176,8324
5176,8325
5176,8326
50964,4040
50964,4041
22943,4040
22943,4041
27121,4040
27121,4041
27123,4040
27123,4041
25805,4040
25805,4041
11211,1855
11211,1856
11211,1857
2535,1855
2535,1856
2535,1857
7855,1855
7855,1856
7855,1857
7976,1855
7976,1856
7976,1857
8321,1855
8321,1856
8321,1857
8322,1855
8322,1856
8322,1857
8323,1855
8323,1856
8323,1857
8324,1855
8324,1856
8324,1857
8325,1855
8325,1856
8325,1857
8326,1855
8326,1856
8326,1857
1855,102800317
1855,1454
1856,102800317
1856,1454
1857,102800317
1857,1454
1855,80319
1856,80319
1857,80319
1855,85407
1855,85409
1856,85407
1856,85409
1857,85407
1857,85409
1855,59343
1856,59343
1857,59343
1855,10023
1855,23401
1856,10023
1856,23401
1857,10023
1857,23401
1855,1457
1855,1459
1855,1460
1855,283106
1856,1457
1856,1459
1856,1460
1856,283106
1857,1457
1857,1459
1857,1460
1857,283106
1855,2932
1856,2932
1857,2932
2932,8312
2932,8313
8312,10297
8312,324
8313,10297
8313,324
1499,10297
1499,324
1499,122011
1499,1452
1499,5663
5663,5566
5663,5567
5663,5568
1499,51176
1499,6932
1499,6934
1499,83439
1499,56998
1499,64321
1499,57680
51176,51701
6932,51701
6934,51701
83439,51701
51176,1487
51176,1488
6932,1487
6932,1488
6934,1487
6934,1488
83439,1487
83439,1488
51701,6885
23291,6500
8945,6500
23291,8454
8945,8454
23291,9978
8945,9978
6500,8454
6500,9978
8454,9978
7157,6477
7157,27101
7157,10297
7157,324
7157,6500
7157,6907
7157,79718
7157,90665
6477,27101
6477,10297
6477,324
6477,6500
6477,6907
6477,79718
6477,90665
27101,10297
27101,324
27101,6500
27101,6907
27101,79718
27101,90665
10297,6500
324,6500
10297,6907
10297,79718
10297,90665
324,6907
324,79718
324,90665
6500,6907
6500,79718
6500,90665
7481,11211
7481,2535
7481,7855
7481,7976
7481,8321
7481,8322
7481,8323
7481,8324
7481,8325
7481,8326
57216,1855
57216,1856
57216,1857
81839,1855
81839,1856
81839,1857
11211,27130
2535,27130
7855,27130
7976,27130
8321,27130
8322,27130
8323,27130
8324,27130
8325,27130
8326,27130
1855,27130
1856,27130
1857,27130
11211,2239
2535,2239
7855,2239
7976,2239
8321,2239
8322,2239
8323,2239
8324,2239
8325,2239
8326,2239
11211,4919
11211,4920
2535,4919
2535,4920
7855,4919
7855,4920
7976,4919
7976,4920
8321,4919
8321,4920
8322,4919
8322,4920
8323,4919
8323,4920
8324,4919
8324,4920
8325,4919
8325,4920
8326,4919
8326,4920
11211,6259
2535,6259
7855,6259
7976,6259
8321,6259
8322,6259
8323,6259
8324,6259
8325,6259
8326,6259
7474,11211
7474,2535
7474,7855
7474,7976
7474,8321
7474,8322
7474,8323
7474,8324
7474,8325
7474,8326
81029,11211
81029,2535
81029,7855
81029,7976
81029,8321
81029,8322
81029,8323
81029,8324
81029,8325
81029,8326
11211,23236
11211,5330
11211,5331
11211,5332
2535,23236
2535,5330
2535,5331
2535,5332
7855,23236
7855,5330
7855,5331
7855,5332
7976,23236
7976,5330
7976,5331
7976,5332
8321,23236
8321,5330
8321,5331
8321,5332
8322,23236
8322,5330
8322,5331
8322,5332
8323,23236
8323,5330
8323,5331
8323,5332
8324,23236
8324,5330
8324,5331
8324,5332
8325,23236
8325,5330
8325,5331
8325,5332
8326,23236
8326,5330
8326,5331
8326,5332
1855,23002
1855,23500
1856,23002
1856,23500
1857,23002
1857,23500
1855,5879
1855,5880
1855,5881
1856,5879
1856,5880
1856,5881
1857,5879
1857,5880
1857,5881
23002,387
23500,387
387,9475
387,5599
387,5601
387,5602
5879,5599
5879,5601
5879,5602
5880,5599
5880,5601
5880,5602
5881,5599
5881,5601
5881,5602
23236,815
23236,816
23236,817
23236,818
5330,815
5330,816
5330,817
5330,818
5331,815
5331,816
5331,817
5331,818
5332,815
5332,816
5332,817
5332,818
23236,5530
23236,5532
23236,5533
23236,5534
23236,5535
5330,5530
5330,5532
5330,5533
5330,5534
5330,5535
5331,5530
5331,5532
5331,5533
5331,5534
5331,5535
5332,5530
5332,5532
5332,5533
5332,5534
5332,5535
23236,5578
23236,5579
23236,5582
5330,5578
5330,5579
5330,5582
5331,5578
5331,5579
5331,5582
5332,5578
5332,5579
5332,5582
5530,4772
5530,4773
5530,4775
5530,4776
5532,4772
5532,4773
5532,4775
5532,4776
5533,4772
5533,4773
5533,4775
5533,4776
5534,4772
5534,4773
5534,4775
5534,4776
5535,4772
5535,4773
5535,4775
5535,4776
